YEAR,MONTH,US_RATING
1800,01,30.778390297684673
1850,01,35.101639344262296
1900,01,46.18429661941112
1950,01,58.67473684210526
1975,01,75.31301652892562
1985,01,76.90471414242728
1995,01,78.15953307392996
2005,01,75.27478753541077
2015,01,75.78301886792453
2017,02,68.4788189987163
2017,05,67.10626702997276
2017,09,68.996138996139
2018,01,67.38350910834133
2018,04,66.72631578947369
2018,07,63.5
2018,10,65.14285714285714
2019,03,68.20919881305637
2020,10,60.851190476190474
2020,11,64.15357142857142
2021,02,66.29636711281071
2021,06,68.42553191489361
2021,11,66.29484902309059
2022,10,65.86031746031746
2022,11,68.95342066957788
2023,07,70.26241134751773
2024,02,69.60830860534125
2024,06,69.98204667863554
2024,10,69.38627450980393
2024,11,66.96835443037975
2025,02,55.46153846153846



